1000 10
2000 11
3000 7
4000 12
5000 12
6000 11
7000 12
8000 12
9000 13
10000 13
11000 11
12000 14
13000 14
14000 10
15000 12
16000 14
17000 14
18000 14
19000 14
20000 14
21000 15
22000 14
23000 13
24000 14
25000 15
26000 13
27000 14
28000 15
29000 14
30000 10
31000 15
32000 14
33000 15
34000 14
35000 15
36000 15
37000 10
38000 15
39000 15
40000 16
41000 16
42000 10
43000 14
44000 13
45000 14
46000 16
47000 13
48000 15
49000 16
50000 15
51000 15
52000 15
53000 15
54000 16
55000 16
56000 16
57000 14
58000 16
59000 15
60000 16
61000 15
62000 13
63000 16
64000 14
65000 9
66000 15
67000 13
68000 15
69000 16
70000 14
71000 16
72000 17
73000 16
74000 16
75000 13
76000 12
77000 14
78000 16
79000 17
80000 16
81000 15
82000 13
83000 15
84000 15
85000 16
86000 16
87000 16
88000 13
89000 15
90000 16
91000 15
92000 16
93000 16
94000 16
95000 12
96000 13
97000 17
98000 17
99000 16
100000 16
101000 17
102000 13
103000 16
104000 16
105000 16
106000 16
107000 15
108000 16
109000 16
110000 16
111000 16
112000 17
113000 17
114000 16
115000 17
116000 16
117000 16
118000 16
119000 17
120000 16
121000 15
122000 17
123000 17
124000 16
125000 17
126000 17
127000 17
128000 16
129000 17
130000 17
131000 16
132000 15
133000 16
134000 15
135000 17
136000 17
137000 15
138000 17
139000 18
140000 17
141000 17
142000 14
143000 15
144000 17
145000 14
146000 17
147000 17
148000 15
149000 17
150000 13
151000 17
152000 17
153000 13
154000 11
155000 16
156000 15
157000 16
158000 17
159000 15
160000 17
161000 17
162000 18
163000 17
164000 15
165000 11
166000 12
167000 17
168000 16
169000 15
170000 16
171000 17
172000 18
173000 18
174000 18
175000 18
176000 17
177000 18
178000 18
179000 18
180000 17
181000 16
182000 17
183000 16
184000 18
185000 16
186000 17
187000 13
188000 17
189000 16
190000 18
191000 16
192000 17
193000 17
194000 17
195000 18
196000 13
197000 18
198000 17
199000 15
200000 18
201000 18
202000 18
203000 18
204000 16
205000 16
206000 12
207000 16
208000 18
209000 16
210000 14
211000 16
212000 17
213000 17
214000 18
215000 17
216000 18
217000 17
218000 17
219000 16
220000 17
221000 15
222000 16
223000 12
224000 17
225000 18
226000 17
227000 15
228000 16
229000 17
230000 18
231000 14
232000 17
233000 16
234000 18
235000 17
236000 7
237000 15
238000 17
239000 17
240000 17
241000 18
242000 18
243000 18
244000 16
245000 17
246000 18
247000 17
248000 15
249000 18
250000 18
251000 17
252000 18
253000 18
254000 17
255000 15
256000 18
257000 16
258000 17
259000 18
260000 17
261000 18
262000 18
263000 16
264000 18
265000 19
266000 18
267000 17
268000 16
269000 18
270000 17
271000 18
272000 17
273000 18
274000 18
275000 17
276000 18
277000 18
278000 16
279000 18
280000 18
281000 17
282000 19
283000 16
284000 14
285000 18
286000 18
287000 15
288000 18
289000 15
290000 19
291000 18
292000 18
293000 19
294000 17
295000 17
296000 17
297000 17
298000 16
299000 18
300000 19
301000 15
302000 18
303000 18
304000 19
305000 18
306000 16
307000 14
308000 19
309000 18
310000 17
311000 16
312000 15
313000 17
314000 19
315000 18
316000 18
317000 18
318000 18
319000 18
320000 17
321000 18
322000 14
323000 18
324000 16
325000 16
326000 19
327000 19
328000 18
329000 18
330000 17
331000 18
332000 18
333000 19
334000 18
335000 18
336000 17
337000 16
338000 19
339000 17
340000 18
341000 18
342000 17
343000 13
344000 10
345000 17
346000 19
347000 17
348000 18
349000 19
350000 19
351000 17
352000 14
353000 18
354000 19
355000 18
356000 18
357000 18
358000 19
359000 17
360000 17
361000 18
362000 17
363000 16
364000 19
365000 17
366000 19
367000 16
368000 18
369000 17
370000 19
371000 19
372000 19
373000 19
374000 16
375000 17
376000 17
377000 18
378000 15
379000 18
380000 19
381000 18
382000 18
383000 18
384000 18
385000 16
386000 18
387000 19
388000 19
389000 19
390000 19
391000 13
392000 19
393000 19
394000 19
395000 19
396000 19
397000 17
398000 15
399000 19
400000 18
401000 18
402000 19
403000 19
404000 19
405000 16
406000 19
407000 18
408000 16
409000 17
410000 18
411000 18
412000 17
413000 18
414000 18
415000 17
416000 19
417000 14
418000 17
419000 18
420000 19
421000 19
422000 13
423000 18
424000 19
425000 18
426000 15
427000 18
428000 19
429000 17
430000 18
431000 19
432000 19
433000 17
434000 9
435000 19
436000 17
437000 19
438000 14
439000 16
440000 19
441000 19
442000 19
443000 19
444000 19
445000 17
446000 15
447000 19
448000 10
449000 18
450000 18
451000 17
452000 19
453000 13
454000 16
455000 19
456000 19
457000 19
458000 19
459000 16
460000 17
461000 18
462000 19
463000 19
464000 19
465000 19
466000 19
467000 18
468000 15
469000 19
470000 19
471000 19
472000 15
473000 19
474000 19
475000 19
476000 18
477000 19
478000 19
479000 14
480000 18
481000 19
482000 19
483000 18
484000 17
485000 18
486000 18
487000 19
488000 19
489000 16
490000 16
491000 19
492000 19
493000 19
494000 18
495000 18
496000 19
497000 16
498000 18
499000 18
500000 18
501000 19
502000 17
503000 18
504000 19
505000 19
506000 13
507000 19
508000 19
509000 19
510000 17
511000 18
512000 19
513000 18
514000 19
515000 19
516000 19
517000 19
518000 19
519000 19
520000 19
521000 19
522000 19
523000 19
524000 19
525000 18
526000 18
527000 19
528000 19
529000 18
530000 16
531000 20
532000 18
533000 19
534000 18
535000 19
536000 19
537000 19
538000 18
539000 17
540000 18
541000 17
542000 19
543000 19
544000 19
545000 17
546000 17
547000 16
548000 19
549000 20
550000 19
551000 19
552000 19
553000 19
554000 19
555000 19
556000 18
557000 17
558000 19
559000 16
560000 19
561000 19
562000 20
563000 20
564000 19
565000 18
566000 18
567000 17
568000 19
569000 19
570000 19
571000 17
572000 18
573000 19
574000 19
575000 13
576000 19
577000 19
578000 19
579000 18
580000 18
581000 19
582000 19
583000 19
584000 19
585000 19
586000 20
587000 19
588000 20
589000 20
590000 19
591000 19
592000 20
593000 19
594000 18
595000 18
596000 19
597000 18
598000 18
599000 19
600000 19
601000 19
602000 16
603000 19
604000 19
605000 16
606000 20
607000 19
608000 19
609000 20
610000 20
611000 16
612000 18
613000 18
614000 17
615000 20
616000 15
617000 19
618000 17
619000 19
620000 19
621000 17
622000 19
623000 19
624000 19
625000 18
626000 19
627000 20
628000 20
629000 20
630000 19
631000 18
632000 18
633000 18
634000 20
635000 18
636000 17
637000 19
638000 19
639000 18
640000 19
641000 12
642000 19
643000 19
644000 17
645000 20
646000 20
647000 19
648000 19
649000 19
650000 18
651000 18
652000 20
653000 19
654000 19
655000 17
656000 18
657000 19
658000 14
659000 19
660000 18
661000 18
662000 18
663000 19
664000 19
665000 18
666000 18
667000 19
668000 19
669000 20
670000 12
671000 19
672000 18
673000 17
674000 20
675000 12
676000 19
677000 16
678000 20
679000 20
680000 18
681000 18
682000 19
683000 20
684000 19
685000 16
686000 18
687000 19
688000 18
689000 20
690000 19
691000 20
692000 17
693000 17
694000 19
695000 15
696000 20
697000 20
698000 19
699000 17
700000 19
701000 18
702000 17
703000 19
704000 16
705000 17
706000 19
707000 16
708000 19
709000 16
710000 20
711000 18
712000 16
713000 14
714000 13
715000 14
716000 19
717000 20
718000 19
719000 20
720000 19
721000 20
722000 20
723000 19
724000 20
725000 15
726000 16
727000 18
728000 19
729000 20
730000 20
731000 19
732000 20
733000 20
734000 20
735000 20
736000 19
737000 19
738000 20
739000 19
740000 19
741000 19
742000 20
743000 20
744000 16
745000 18
746000 19
747000 19
748000 15
749000 19
750000 20
751000 18
752000 20
753000 19
754000 19
755000 20
756000 17
757000 17
758000 20
759000 20
760000 19
761000 19
762000 19
763000 19
764000 19
765000 19
766000 17
767000 16
768000 18
769000 20
770000 20
771000 20
772000 18
773000 18
774000 16
775000 11
776000 19
777000 16
778000 19
779000 18
780000 20
781000 20
782000 20
783000 16
784000 20
785000 19
786000 18
787000 19
788000 20
789000 18
790000 18
791000 20
792000 19
793000 20
794000 20
795000 20
796000 19
797000 20
798000 19
799000 19
800000 20
801000 20
802000 17
803000 20
804000 20
805000 19
806000 16
807000 20
808000 18
809000 18
810000 19
811000 17
812000 18
813000 13
814000 20
815000 20
816000 17
817000 16
818000 19
819000 20
820000 18
821000 19
822000 20
823000 20
824000 15
825000 19
826000 20
827000 19
828000 20
829000 20
830000 18
831000 20
832000 17
833000 20
834000 18
835000 17
836000 20
837000 20
838000 20
839000 16
840000 20
841000 19
842000 19
843000 19
844000 20
845000 20
846000 17
847000 18
848000 19
849000 20
850000 19
851000 19
852000 18
853000 17
854000 20
855000 18
856000 19
857000 17
858000 20
859000 20
860000 19
861000 20
862000 19
863000 19
864000 20
865000 20
866000 20
867000 18
868000 16
869000 20
870000 20
871000 20
872000 18
873000 18
874000 20
875000 20
876000 19
877000 18
878000 20
879000 20
880000 20
881000 20
882000 20
883000 20
884000 19
885000 18
886000 20
887000 19
888000 18
889000 17
890000 17
891000 18
892000 20
893000 16
894000 20
895000 20
896000 20
897000 19
898000 20
899000 18
900000 17
901000 20
902000 18
903000 19
904000 20
905000 17
906000 20
907000 19
908000 20
909000 20
910000 20
911000 20
912000 19
913000 19
914000 20
915000 16
916000 20
917000 20
918000 18
919000 20
920000 19
921000 19
922000 18
923000 16
924000 19
925000 17
926000 16
927000 18
928000 20
929000 19
930000 20
931000 14
932000 20
933000 19
934000 20
935000 20
936000 20
937000 19
938000 20
939000 20
940000 20
941000 18
942000 20
943000 19
944000 17
945000 18
946000 19
947000 15
948000 20
949000 18
950000 16
951000 20
952000 20
953000 17
954000 20
955000 18
956000 19
957000 15
958000 19
959000 20
960000 20
961000 18
962000 18
963000 19
964000 20
965000 19
966000 19
967000 20
968000 19
969000 20
970000 16
971000 20
972000 20
973000 20
974000 20
975000 20
976000 19
977000 20
978000 20
979000 14
980000 19
981000 18
982000 20
983000 19
984000 19
985000 16
986000 18
987000 20
988000 15
989000 20
990000 20
991000 15
992000 20
993000 20
994000 18
995000 17
996000 19
997000 13
998000 19
999000 20
