1000 522
2000 210
3000 1409
4000 3007
5000 1327
6000 6000
7000 7000
8000 8000
9000 8351
10000 10000
11000 8304
12000 6950
13000 13000
14000 12783
15000 6702
16000 7091
17000 17000
18000 3056
19000 19000
20000 1188
21000 4529
22000 17452
23000 20775
24000 14028
25000 3617
26000 26000
27000 18173
28000 1544
29000 29000
30000 1438
31000 6565
32000 8774
33000 25797
34000 29374
35000 5932
36000 23094
37000 33518
38000 38000
39000 39000
40000 23479
41000 41000
42000 42000
43000 43000
44000 44000
45000 43897
46000 20877
47000 47000
48000 33648
49000 41174
50000 18052
51000 51000
52000 52000
53000 53000
54000 5660
55000 24706
56000 74
57000 57000
58000 49619
59000 59000
60000 16677
61000 8293
62000 3071
63000 54307
64000 26882
65000 30479
66000 7356
67000 46549
68000 68000
69000 43132
70000 10456
71000 71000
72000 53043
73000 73000
74000 24369
75000 54968
76000 36067
77000 45958
78000 78000
79000 17403
80000 80000
81000 6364
82000 82000
83000 83000
84000 84000
85000 85000
86000 48316
87000 70548
88000 88000
89000 49564
90000 42246
91000 8483
92000 92000
93000 78459
94000 94000
95000 5794
96000 96000
97000 97000
98000 40932
99000 99000
100000 36958
101000 101000
102000 50225
103000 30999
104000 85475
105000 59445
106000 106000
107000 107000
108000 108000
109000 44920
110000 110000
111000 95444
112000 112000
113000 97793
114000 113930
115000 37
116000 49056
117000 117000
118000 14915
119000 62867
120000 90476
121000 53378
122000 104151
123000 92638
124000 124000
125000 125000
126000 68808
127000 89179
128000 128000
129000 11995
130000 15075
131000 131000
132000 132000
133000 133000
134000 134000
135000 21186
136000 136000
137000 122557
138000 138000
139000 139000
140000 65337
141000 84020
142000 97723
143000 38272
144000 144000
145000 145000
146000 46021
147000 53650
148000 148000
149000 149000
150000 141953
151000 135825
152000 76589
153000 28514
154000 154000
155000 155000
156000 14965
157000 1908
158000 67344
159000 159000
160000 160000
161000 23548
162000 11639
163000 19167
164000 8538
165000 83596
166000 12881
167000 167000
168000 73783
169000 132522
170000 170000
171000 7586
172000 4130
173000 173000
174000 145034
175000 175000
176000 55352
177000 63543
178000 43120
179000 179000
180000 141627
181000 13507
182000 182000
183000 79181
184000 184000
185000 180097
186000 186000
187000 11431
188000 188000
189000 33610
190000 54157
191000 191000
192000 27753
193000 71654
194000 134267
195000 195000
196000 89635
197000 103674
198000 107194
199000 199000
200000 10153
201000 201000
202000 202000
203000 79638
204000 204000
205000 205000
206000 53531
207000 121210
208000 149102
209000 206440
210000 132016
211000 11040
212000 120763
213000 16787
214000 214000
215000 215000
216000 65229
217000 217000
218000 209265
219000 219000
220000 220000
221000 128042
222000 26834
223000 19928
224000 224000
225000 225000
226000 4111
227000 155296
228000 75694
229000 80457
230000 96238
231000 231000
232000 129143
233000 111518
234000 234000
235000 235000
236000 236000
237000 187352
238000 169680
239000 165931
240000 240000
241000 241000
242000 12903
243000 243000
244000 244000
245000 22618
246000 246000
247000 68020
248000 190636
249000 249000
250000 15539
251000 251000
252000 190306
253000 229755
254000 254000
255000 255000
256000 4212
257000 115140
258000 258000
259000 104343
260000 176936
261000 261000
262000 95273
263000 263000
264000 264000
265000 11418
266000 266000
267000 267000
268000 268000
269000 195649
270000 120280
271000 46992
272000 89774
273000 201752
274000 26149
275000 159670
276000 74330
277000 147978
278000 278000
279000 279000
280000 31736
281000 130759
282000 61181
283000 283000
284000 59701
285000 183964
286000 286000
287000 287000
288000 67160
289000 120317
290000 65929
291000 291000
292000 275327
293000 125710
294000 109436
295000 52425
296000 296000
297000 297000
298000 76439
299000 105877
300000 46929
301000 198595
302000 186247
303000 14200
304000 37246
305000 305000
306000 128237
307000 213886
308000 308000
309000 36929
310000 310000
311000 311000
312000 162604
313000 31002
314000 262917
315000 235098
316000 316000
317000 265412
318000 123293
319000 291285
320000 193469
321000 40551
322000 244573
323000 323000
324000 324000
325000 112879
326000 326000
327000 327000
328000 177749
329000 329000
330000 330000
331000 80094
332000 51452
333000 333000
334000 55769
335000 203895
336000 121036
337000 305414
338000 258371
339000 339000
340000 340000
341000 56590
342000 44474
343000 130285
344000 344000
345000 345000
346000 94727
347000 324870
348000 12863
349000 349000
350000 309691
351000 274009
352000 66733
353000 353000
354000 354000
355000 355000
356000 356000
357000 357000
358000 358000
359000 164635
360000 360000
361000 361000
362000 98975
363000 238524
364000 281169
365000 365000
366000 366000
367000 67329
368000 7441
369000 95637
370000 331903
371000 371000
372000 372000
373000 373000
374000 374000
375000 47576
376000 270875
377000 237994
378000 378000
379000 379000
380000 58591
381000 362243
382000 220151
383000 124116
384000 384000
385000 188327
386000 291866
387000 361177
388000 104903
389000 389000
390000 390000
391000 65185
392000 286949
393000 212531
394000 394000
395000 395000
396000 1803
397000 159818
398000 398000
399000 35558
400000 188566
401000 401000
402000 70500
403000 386717
404000 174589
405000 70245
406000 406000
407000 271316
408000 408000
409000 131756
410000 107644
411000 411000
412000 412000
413000 258566
414000 117770
415000 14643
416000 142919
417000 390952
418000 68518
419000 5575
420000 420000
421000 121363
422000 96952
423000 423000
424000 139756
425000 77007
426000 283531
427000 207801
428000 428000
429000 185502
430000 174626
431000 431000
432000 71660
433000 69202
434000 243103
435000 284656
436000 12459
437000 437000
438000 64083
439000 439000
440000 410668
441000 398337
442000 442000
443000 345508
444000 444000
445000 445000
446000 446000
447000 279291
448000 263726
449000 449000
450000 404920
451000 48959
452000 85466
453000 453000
454000 265751
455000 455000
456000 456000
457000 457000
458000 458000
459000 360359
460000 460000
461000 461000
462000 315841
463000 463000
464000 154337
465000 465000
466000 349883
467000 355338
468000 27446
469000 295579
470000 47824
471000 85833
472000 472000
473000 473000
474000 370996
475000 383874
476000 148051
477000 477000
478000 478000
479000 72303
480000 389893
481000 481000
482000 442535
483000 21820
484000 484000
485000 485000
486000 148562
487000 182856
488000 79857
489000 489000
490000 490000
491000 307999
492000 307598
493000 493000
494000 494000
495000 4747
496000 143341
497000 429853
498000 498000
499000 330851
500000 362591
501000 22414
502000 502000
503000 168189
504000 504000
505000 242243
506000 317856
507000 353397
508000 411243
509000 97344
510000 78899
511000 511000
512000 112062
513000 17763
514000 514000
515000 515000
516000 212235
517000 42470
518000 392329
519000 474873
520000 457747
521000 521000
522000 522000
523000 11250
524000 52041
525000 417566
526000 455368
527000 431700
528000 182667
529000 529000
530000 530000
531000 531000
532000 532000
533000 533000
534000 216552
535000 37105
536000 292247
537000 481257
538000 27418
539000 152588
540000 52466
541000 57078
542000 360544
543000 347600
544000 213589
545000 228478
546000 546000
547000 491134
548000 174052
549000 317535
550000 550000
551000 191027
552000 552000
553000 553000
554000 554000
555000 476062
556000 175100
557000 557000
558000 28992
559000 22429
560000 53019
561000 295619
562000 157077
563000 563000
564000 57358
565000 175683
566000 297096
567000 567000
568000 568000
569000 213956
570000 134392
571000 77537
572000 572000
573000 414592
574000 40812
575000 342467
576000 83233
577000 364444
578000 241947
579000 579000
580000 580000
581000 151203
582000 170128
583000 517507
584000 415535
585000 209136
586000 586000
587000 251296
588000 369685
589000 579891
590000 15436
591000 130508
592000 592000
593000 115037
594000 268013
595000 473880
596000 335166
597000 87526
598000 470356
599000 137997
600000 600000
601000 469620
602000 491475
603000 603000
604000 604000
605000 605000
606000 9907
607000 434451
608000 608000
609000 440580
610000 610000
611000 116148
612000 612000
613000 585845
614000 194255
615000 374455
616000 49819
617000 617000
618000 618000
619000 619000
620000 620000
621000 621000
622000 500269
623000 623000
624000 391085
625000 102913
626000 402480
627000 597943
628000 18617
629000 175905
630000 88465
631000 151030
632000 297901
633000 151263
634000 123694
635000 142324
636000 345849
637000 88728
638000 4320
639000 639000
640000 640000
641000 341890
642000 642000
643000 643000
644000 44639
645000 423284
646000 646000
647000 114272
648000 648000
649000 649000
650000 96808
651000 150903
652000 652000
653000 183262
654000 413108
655000 324422
656000 117294
657000 79417
658000 210497
659000 659000
660000 660000
661000 109980
662000 76800
663000 663000
664000 11904
665000 138008
666000 399254
667000 638519
668000 668000
669000 198217
670000 670000
671000 671000
672000 616720
673000 673000
674000 206797
675000 46382
676000 676000
677000 135168
678000 248205
679000 131351
680000 680000
681000 261579
682000 154337
683000 11950
684000 394587
685000 128532
686000 686000
687000 108702
688000 70473
689000 84652
690000 612202
691000 691000
692000 692000
693000 218556
694000 472051
695000 695000
696000 295059
697000 697000
698000 1298
699000 165823
700000 700000
701000 569474
702000 702000
703000 93353
704000 19383
705000 701853
706000 706000
707000 707000
708000 57324
709000 709000
710000 710000
711000 382510
712000 712000
713000 713000
714000 142165
715000 42803
716000 133690
717000 386895
718000 91238
719000 429953
720000 507855
721000 721000
722000 209785
723000 191599
724000 724000
725000 725000
726000 103361
727000 702544
728000 728000
729000 646209
730000 503556
731000 731000
732000 240649
733000 166196
734000 734000
735000 419083
736000 736000
737000 539287
738000 738000
739000 739000
740000 591520
741000 741000
742000 545616
743000 743000
744000 92461
745000 67000
746000 496785
747000 370411
748000 748000
749000 749000
750000 160267
751000 751000
752000 331955
753000 688523
754000 222571
755000 755000
756000 683282
757000 265918
758000 153246
759000 442042
760000 41646
761000 761000
762000 146396
763000 116285
764000 764000
765000 765000
766000 766000
767000 767000
768000 17726
769000 577604
770000 381715
771000 670529
772000 153386
773000 650095
774000 249310
775000 775000
776000 776000
777000 777000
778000 643254
779000 156594
780000 780000
781000 522179
782000 782000
783000 709018
784000 784000
785000 662531
786000 223571
787000 783861
788000 348158
789000 70729
790000 790000
791000 589758
792000 509282
793000 793000
794000 794000
795000 652420
796000 347304
797000 46512
798000 346748
799000 515935
800000 392727
801000 729266
802000 802000
803000 267386
804000 121622
805000 805000
806000 160352
807000 358416
808000 808000
809000 245725
810000 810000
811000 251131
812000 537613
813000 26808
814000 814000
815000 259582
816000 816000
817000 409841
818000 276609
819000 421543
820000 820000
821000 821000
822000 822000
823000 823000
824000 209522
825000 798768
826000 826000
827000 170065
828000 710046
829000 829000
830000 230409
831000 337479
832000 736989
833000 833000
834000 76828
835000 12108
836000 836000
837000 429452
838000 838000
839000 839000
840000 55275
841000 505124
842000 842000
843000 580682
844000 591833
845000 450856
846000 66857
847000 847000
848000 124308
849000 225915
850000 235429
851000 851000
852000 852000
853000 145045
854000 628821
855000 606858
856000 367382
857000 498023
858000 858000
859000 620538
860000 740957
861000 397935
862000 495816
863000 83096
864000 864000
865000 865000
866000 258110
867000 867000
868000 17545
869000 869000
870000 354439
871000 871000
872000 57812
873000 126725
874000 100266
875000 64061
876000 876000
877000 877000
878000 96330
879000 879000
880000 184115
881000 415242
882000 192443
883000 883000
884000 884000
885000 885000
886000 886000
887000 393222
888000 541275
889000 889000
890000 890000
891000 227209
892000 741899
893000 87118
894000 134932
895000 43779
896000 896000
897000 71652
898000 828396
899000 55183
900000 219387
901000 702622
902000 41241
903000 497714
904000 558196
905000 85541
906000 534098
907000 409916
908000 908000
909000 909000
910000 74650
911000 911000
912000 554109
913000 495933
914000 339758
915000 915000
916000 916000
917000 288213
918000 298939
919000 23305
920000 486624
921000 921000
922000 922000
923000 321433
924000 340444
925000 160278
926000 486625
927000 72705
928000 438105
929000 929000
930000 930000
931000 4668
932000 932000
933000 933000
934000 47725
935000 547997
936000 936000
937000 937000
938000 646327
939000 273470
940000 940000
941000 53654
942000 942000
943000 447162
944000 944000
945000 945000
946000 138268
947000 947000
948000 948000
949000 762977
950000 308258
951000 951000
952000 520659
953000 233924
954000 674220
955000 625783
956000 27305
957000 957000
958000 439710
959000 959000
960000 37179
961000 493750
962000 124422
963000 963000
964000 632396
965000 965000
966000 604812
967000 967000
968000 968000
969000 267863
970000 970000
971000 51981
972000 972000
973000 338574
974000 790242
975000 975000
976000 976000
977000 371192
978000 978000
979000 343266
980000 980000
981000 391040
982000 277343
983000 983000
984000 174170
985000 265560
986000 237600
987000 1090
988000 342886
989000 425849
990000 422754
991000 991000
992000 200501
993000 979627
994000 994000
995000 119542
996000 317670
997000 805790
998000 998000
999000 999000
[==========] Running 6 tests from 3 test cases.
[----------] Global test environment set-up.
[----------] 2 tests from QUICK
[ RUN      ] QUICK.ESTA_ORDENADO
[       OK ] QUICK.ESTA_ORDENADO (0 ms)
[ RUN      ] QUICK.NAO_ESTA_ORDENADO
[       OK ] QUICK.NAO_ESTA_ORDENADO (0 ms)
[----------] 2 tests from QUICK (0 ms total)

[----------] 2 tests from BUSCA_INGENUA
[ RUN      ] BUSCA_INGENUA.NAO_EXISTE
[       OK ] BUSCA_INGENUA.NAO_EXISTE (0 ms)
[ RUN      ] BUSCA_INGENUA.EXISTE
[       OK ] BUSCA_INGENUA.EXISTE (0 ms)
[----------] 2 tests from BUSCA_INGENUA (0 ms total)

[----------] 2 tests from BUSCA_BINARIA
[ RUN      ] BUSCA_BINARIA.NAO_EXISTE
[       OK ] BUSCA_BINARIA.NAO_EXISTE (0 ms)
[ RUN      ] BUSCA_BINARIA.EXISTE
[       OK ] BUSCA_BINARIA.EXISTE (0 ms)
[----------] 2 tests from BUSCA_BINARIA (0 ms total)

[----------] Global test environment tear-down
[==========] 6 tests from 3 test cases ran. (0 ms total)
[  PASSED  ] 6 tests.
